0,449
0,448
0,447
0,446
0,445
0,444
0,443
0,442
0,441
0,440
0,439
44,5
0,438
0,437
0,436
0,435
44,4
0,434
0,433
0,432
0,431
0,430
0,429
0,428
0,427
44,3
44,2
0,426
44,1
44,0
0,425
0,424
43,3
43,2
0,423
43,1
43,0
0,422
0,421
0,420
0,419
42,5
0,418
0,417
0,416
0,415
42,4
0,414
0,413
0,412
42,3
42,2
0,411
42,1
42,0
0,410
0,409
0,408
0,407
41,4
0,406
0,405
0,404
41,3
41,2
0,403
41,1
41,0
0,402
0,401
0,400
40,4
40,3
40,2
40,1
40,0
39,4
39,3
39,2
39,1
39,0
38,4
0,399
38,3
38,2
38,1
38,0
37,3
37,2
37,1
37,0
0,398
0,397
0,396
25,4
25,2
25,0
0,395
0,394
0,393
26,4
26,2
26,0
